((("to_S" .
   [0 0 0 3])
  ("to_s" .
   [2 0 0 0])
  ("config" .
   [3 0 0 0 0 0])
  ("access_token" .
   [1 0 0 0 0 0 0 0 0 0 0 0])
  ("close" .
   [1 0 0 0 0])
  ("connection" .
   [0 0 0 0 0 0 0 0 0 1])
  ("first" .
   [2 0 0 0 0])
  ("r" .
   [1])
  ("rs" .
   [7 0])
  ("Client" .
   [1 0 0 0 0 0])
  ("REST" .
   [1 0 0 0])
  ("Twitter" .
   [1 0 0 0 0 0 0])
  ("client" .
   [3 0 0 0 0 0])
  ("now" .
   [3 0 0])
  ("string" .
   [8 0 0 0 0 0])
  ("hour" .
   [5 0 0 0])
  ("ruby-refactor" .
   [1 0 0 0 0 0 0 0 0 0 0 0 0])
  ("setq" .
   [1 0 0 0])
  ("load" .
   [1 0 0 0])
  ("進化後のSR" .
   [1 0 0 0 0 0])
  ("進化後のSR×4ー＞進化後のUR" .
   [0 0 0 0 0 0 1 0 0 0 0 0 0 0 0 0])
  ("欠点：" .
   [2 0 0])
  ("利点：" .
   [2 0 0])
  ("進化後のUR" .
   [3 0 0 0 0 0])
  ("　　　　" .
   [4 0 0 1])
  ("4.エンドコンテンツ" .
   [0 0 1 0 0 0 0 0 0 0])
  ("3.最上位リーグ解放" .
   [0 0 1 0 0 0 0 0 0 0])
  ("12:00～11/25" .
   [1 0 0 0 0 0 0 0 0 0 0])
  ("平泉黄金郷" .
   [1 0 0 0 2])
  ("従来通り" .
   [1 0 0 0])
  ("11/25〜11/" .
   [0 0 0 0 0 0 0 0 1])
  ("11/22" .
   [1 0 0 0 0])
  ("de" .
   [1 0])
  ("ボーンナイト" .
   [1 0 0 0 0 0])
  ("getSubEffect" .
   [0 0 0 0 0 0 0 0 0 0 0 1])
  ("getCurrentHP" .
   [0 0 0 0 0 0 0 0 0 0 1 0])
  ("ido" .
   [0 0 1])
  ("ビリー1" .
   [2 0 0 0])
  ("怪力インディアン" .
   [1 0 2 0 0 0 0 0])
  ("保安官1" .
   [1 0 0 1])
  ("怪力インディアン1" .
   [1 0 0 0 0 0 0 0 0])
  ("インディアン1" .
   [3 0 0 0 0 0 3])
  ("ゴロツキガンマン" .
   [1 0 0 0 4 0 0 0])
  ("4F　3" .
   [1 0 0 0])
  ("3F　4" .
   [2 0 0 0])
  ("2F　4" .
   [2 0 0 0])
  ("3F　3" .
   [1 0 0 0])
  ("2F　3" .
   [2 0 0 0])
  ("1F　3" .
   [3 0 0 0])
  ("上級級をクリア" .
   [0 0 1 0 0 0 0])
  ("特徴：" .
   [2 0 0])
  ("特技：" .
   [4 0 0])
  ("オレ、お前、嫌い！" .
   [1 0 0 0 0 0 0 0 0])
  ("インディアン、嘘つかない！" .
   [1 0 0 0 0 0 0 0 0 0 0 0 0])
  ("set" .
   [1 0 0])
  ("いただくことを強く推奨します。" .
   [1 0 0 0 0 0 0 0 0 0 0 0 0 0 0])
  ("アカウントバックアップをとって" .
   [2 0 0 0 0 0 0 0 0 0 0 0 0 0 0])
  ("個人情報保護の観点から、" .
   [1 0 0 0 0 0 0 0 0 0 0 0])
  ("ゴールドチケット1枚" .
   [1 0 0 0 0 0 0 0 0 0])
  ("t" .
   [2])
  ("Top" .
   [0 0 1])
  ("賢者の石1つで満タンまで回復!!" .
   [0 0 0 0 1 0 0 0 0 0 0 0 0 0 0 0])
  ("なんとゴルチケを毎日2枚!!" .
   [1 0 0 0 0 0 0 0 0 0 0 0 0 0])
  ("23:59" .
   [1 0 0 0 0])
  ("ドン!!と10大キャンペーンしちゃいます!!" .
   [0 0 0 0 0 0 0 0 1 0 0 0 0 0 0 0 0 0 0 0 0 0])
  ("日頃のご愛顧に感謝の気持ちを込めまして" .
   [1 0 0 0 0 0 0 0 0 0 0 0 0 0 0 0 0 0 0])
  ("脳トレクエスト２" .
   [0 0 0 0 0 0 0 1])
  ("陰陽の辻" .
   [1 0 0 0])
  ("php-completion" .
   [0 0 0 0 0 0 0 1 1 0 0 0 0 0])
  ("helm" .
   [1 0 0 0])
  ("helm-ag" .
   [2 0 0 0 0 0 0])
  ("replace-regexp" .
   [0 0 0 0 0 0 0 0 0 0 0 0 0 1])
  ("global-map" .
   [1 0 0 0 0 0 0 0 0 0])
  ("define-key" .
   [2 0 0 0 0 0 0 0 0 0])
  ("8/4" .
   [1 0 0])
  ("MONSTER_TYPE_DRAGON" .
   [0 0 0 0 0 0 0 0 0 0 0 0 0 0 1 0 0 0 0])
  ("MONSTER_TYPE_GULONG" .
   [0 0 0 0 0 0 0 0 0 0 0 0 0 0 0 0 1 0 0])
  ("f" .
   [1])
  ("monsterType" .
   [3 0 0 0 0 0 0 0 0 1 1])
  ("MONSTER_TYPE_HUMAN_MEN" .
   [0 0 0 0 0 0 0 0 0 0 0 0 0 0 0 0 0 0 0 0 1 0])
  ("MONSTER_TYPE_HUMAN_MAX" .
   [0 0 0 0 0 0 0 0 0 0 0 0 0 0 0 0 0 0 0 0 0 1])
  ("isGun" .
   [0 0 0 0 1])
  ("isGulongFactor" .
   [0 0 0 0 0 2 1 0 0 0 0 0 0 0])
  ("isDragonFactor" .
   [2 0 0 1 1 1 0 0 0 0 0 0 0 0])
  ("isLevitation" .
   [1 0 0 0 1 0 0 0 0 0 0 0])
  ("is" .
   [1 0])
  ("skill" .
   [3 0 0 0 0])
  ("skills" .
   [2 0 0 0 0 0])
  ("CCArray" .
   [1 0 0 0 0 0 0])
  ("changeMonsterType" .
   [0 0 0 0 0 0 0 0 0 0 0 0 0 0 0 1 0])
  ("m_armorSkills" .
   [1 0 0 0 0 0 0 0 0 0 0 0 0])
  ("getAvatar" .
   [0 0 0 0 1 0 0 0 0])
  ("m_avatar" .
   [1 0 0 0 0 0 0 1])
  ("SkillTool" .
   [1 0 0 0 0 0 1 0 1])
  ("s" .
   [4])
  ("MONSTER_TYPE_HUMAN" .
   [0 0 0 0 0 0 0 0 0 0 0 0 0 0 0 0 0 1])
  ("MONSTER_TYPE_FLY" .
   [0 0 0 0 0 0 0 0 0 0 0 0 0 0 1 3])
  ("m_monsterType" .
   [4 0 0 0 0 0 4 0 1 1 0 0 0])
  ("この不具合のお詫びといたしまして、" .
   [1 0 0 0 0 0 0 0 0 0 0 0 0 0 0 0 0])
  ("復活のメジェド" .
   [2 0 0 0 0 0 0])
  ("cp" .
   [1 0])
  ("・幸運の柄がrをLv90に強化せよ" .
   [0 0 0 1 0 0 0 0 0 0 0 0 0 0 0 0 0])
  ("・幸運のガラガラを限界突破せよ" .
   [0 0 0 1 0 0 0 0 0 0 0 0 0 0 0])
  ("すべてのお客様に対しまして、" .
   [0 0 0 0 0 0 0 2 0 0 0 0 0 0])
  ("・進化合成で幸運のガラガラを作ろう" .
   [0 1 0 0 0 0 0 0 0 0 0 0 0 1 0 0 0])
  ("not" .
   [0 0 2])
  ("m_btnComment" .
   [0 0 0 0 0 0 1 0 0 0 0 0])
  ("ZFQuest" .
   [0 0 0 0 0 0 1])
  ("ZFQuestRetry" .
   [0 0 0 0 0 0 0 0 2 1 1 0])
  ("hideCommentButton" .
   [0 0 0 0 0 0 0 0 0 0 0 0 0 0 0 0 1])
  ("DUNGEON_STATUS_GAME_OVER" .
   [0 0 0 0 0 0 0 0 0 0 0 0 0 0 0 0 1 0 0 0 0 0 0 0])
  ("getCurrentStatus" .
   [0 0 0 0 0 0 0 0 0 0 0 0 0 0 0 1])
  ("dungeonTool" .
   [1 0 0 0 0 0 0 0 0 0 0])
  ("m_townButton" .
   [0 0 0 0 1 0 0 0 0 0 0 0])
  ("m_nextQuestBtn" .
   [1 0 0 0 1 0 0 0 0 0 0 0 0 0])
  ("m_balloonOverEquip" .
   [1 0 0 0 0 1 0 0 0 0 0 0 0 0 0 0 0 0])
  ("m_equipBtn" .
   [0 0 0 0 0 1 0 0 0 0])
  ("NULL" .
   [6 0 2 0])
  ("n" .
   [1])
  ("null" .
   [2 0 0 0])
  ("m_retryBtn" .
   [0 0 0 0 0 0 0 0 0 1])
  ("eventResource" .
   [3 0 0 2 0 0 0 0 0 0 0 0 0])
  ("pull" .
   [3 0 0 0])
  ("checkout" .
   [3 0 0 0 0 0 0 0])
  ("git" .
   [6 0 0])
  ("MAIL" .
   [1 0 0 0])
  ("develop" .
   [0 0 0 2 0 0 0])
  ("master" .
   [1 0 0 1 0 0])
  ("origin" .
   [4 0 0 1 2 0])
  ("update" .
   [3 0 0 0 0 0])
  ("svn" .
   [1 0 0])
  ("zoffy" .
   [3 0 0 1 0])
  ("equipment" .
   [3 0 1 0 0 0 0 0 1])
  ("str" .
   [4 0 0])
  ("equipmentId" .
   [0 0 0 0 0 1 0 0 0 0 1])
  ("fingerprint" .
   [0 0 0 0 0 0 2 0 0 0 0])
  ("temp" .
   [6 0 0 0])
  ("rank" .
   [5 0 0 0])
  ("then" .
   [0 0 0 1])
  ("skillLv" .
   [0 0 0 1 0 0 1])
  ("skillId" .
   [0 0 0 0 0 1 1])
  ("printf" .
   [0 0 0 0 0 1])
  ("stockId" .
   [0 0 0 1 0 1 0])
  ("storeId" .
   [1 0 0 0 1 0 1])
  ("print" .
   [5 0 0 0 0])
  ("test_string" .
   [1 0 0 0 0 0 0 0 0 0 0])
  ("split" .
   [0 0 0 0 1])
  ("input_columns" .
   [1 0 0 0 0 0 0 0 0 0 0 0 0])
  ("equipment_trim" .
   [1 0 0 0 0 0 0 0 0 0 0 0 0 0])
  ("new" .
   [3 0 0])
  ("test_s" .
   [1 0 0 0 0 0])
  ("each" .
   [3 0 0 0])
  ("file" .
   [1 0 0 0])
  ("initialize" .
   [0 0 0 0 1 0 0 0 0 1])
  ("columns" .
   [0 0 0 0 0 0 1])
  ("init" .
   [1 0 0 0])
  ("in" .
   [3 0])
  ("equipId" .
   [2 0 0 0 0 0 0])
  ("select" .
   [4 0 0 0 0 0])
  ("from" .
   [4 0 0 0])
  ("FROM" .
   [1 0 0 0])
  ("WHERE" .
   [1 0 0 0 0])
  ("rarity" .
   [7 0 0 0 0 0])
  ("count" .
   [1 0 0 0 0])
  ("as" .
   [1 0])
  ("cnt" .
   [1 0 0])
  ("and" .
   [4 0 0])
  ("pp" .
   [1 0])
  ("name" .
   [2 0 0 0])
  ("w" .
   [2])
  ("where" .
   [3 0 0 0 0])
  ("大変申し訳ございませんでした。" .
   [0 0 0 0 0 1 0 0 0 0 0 0 0 0 0])
  ("現在は不具合の修正が完了し、" .
   [0 0 0 0 0 0 1 0 0 0 0 0 0 0])
  ("　誤：ヨーヨー＋蚊取り線香" .
   [0 0 0 1 0 0 0 0 0 0 0 0 0])
  ("skillMonsterType" .
   [1 0 0 0 0 0 0 0 0 0 0 0 0 0 0 0])
  ("E_Skill_" .
   [0 0 0 1 0 0 0 0])
  ("dungeon" .
   [3 0 0 0 0 0 0])
  ("getAttackerSkills" .
   [0 0 0 0 0 0 0 0 0 0 0 0 0 0 0 0 1])
  ("getSkills" .
   [0 0 0 0 0 0 0 0 1])
  ("ProtecterSkill" .
   [1 0 0 0 0 1 0 0 0 0 0 0 0 1])
  ("effect" .
   [1 0 0 0 0 0])
  ("e" .
   [2])
  ("ProtecterEffect" .
   [3 0 0 0 0 0 1 0 0 0 0 0 0 0 0])
  ("getEffect" .
   [0 0 0 0 0 0 1 0 0])
  ("・タルタロスの鎌" .
   [1 0 0 0 0 0 0 0])
  ("・ガイアの鎧" .
   [1 0 0 0 0 0])
  ("・カオスの兜" .
   [1 0 0 0 0 0])
  ("神々の玉座" .
   [2 0 0 0 0])
  ("倒すことができれば、相棒となった謎の神" .
   [0 0 0 0 0 0 0 0 0 0 1 0 0 0 0 0 0 0 0])
  ("ボスラッシュpart8表示不具合について" .
   [0 0 0 0 0 0 0 0 0 0 0 1 0 0 0 0 0 0 0 0])
  ("こちらにつきましては現在修正されて" .
   [1 0 0 0 0 0 0 0 0 0 0 0 0 0 0 0 0])
  ("いることを確認しております。" .
   [1 0 0 0 0 0 0 0 0 0 0 0 0 0])
  ("デイリーミッション語表記に関して" .
   [0 0 0 0 0 0 0 0 0 1 0 0 0 0 0 0])
  ("omnisharp" .
   [0 0 2 0 0 0 0 0 0])
  ("ーーーーーーーーーーーーーーーーーー" .
   [0 0 0 1 1 0 0 0 0 0 0 1 0 0 1 1 0 0])
  ("デザイン工学部" .
   [1 0 0 0 0 0 0])
  ("ーーーーーーーーーーーーーーーーーーー" .
   [1 0 0 0 0 0 0 0 0 0 0 0 0 0 0 0 0 0 0])
  ("ーーーーーーーーーーーーーーーーーーーー" .
   [1 0 0 0 0 0 0 0 0 0 0 0 0 0 0 0 0 0 0 0])
  ("ーーーーーーーーーーーーーーーーーーーーーーーーー" .
   [1 0 0 0 0 0 0 0 0 0 0 0 0 0 0 0 0 0 0 0 0 0 0 0 0])
  ("|id|name|" .
   [1 0 0 0 2 0 0 0 0])
  ("召喚券1枚" .
   [0 0 0 1 0])
  ("shell" .
   [1 0 0 0 0])
  ("脳クエウェスタン" .
   [1 0 0 0 0 0 0 0])
  ("10/24" .
   [1 0 0 0 0])
  ("現在修正しておりますので、" .
   [1 0 0 0 0 0 0 0 0 0 0 0 0])
  ("userId" .
   [1 0 0 0 0 0])
  ("小林さんに確認" .
   [1 0 0 0 0 0 0])
  ("城とドラゴン" .
   [1 0 0 0 0 0])
  ("2015年09月24日：初オフラインイベント告知開始" .
   [0 0 0 0 0 0 0 1 0 0 0 0 0 0 0 0 0 0 0 0 0 0 0 0 0 0])
  ("Index" .
   [1 0 0 0 0])
  ("更新頻度" .
   [1 0 0 0])
  ("id：このテーブルのID" .
   [2 0 0 0 0 0 0 0 0 0 0 0])
  ("envs" .
   [1 0 0 0])
  ("---partition-all-in-steps-reversed" .
   [0 0 1 0 0 0 0 0 0 0 0 0 0 0 0 0 0 0 0 0 0 0 0 0 0 0 0 0 0 0 0 0 0 0])
  ("stage2_4" .
   [1 0 0 0 0 0 0 0])
  ("stage2_3" .
   [1 0 0 0 0 0 0 0])
  ("stage2_5" .
   [2 0 0 0 0 0 0 0])
  ("stage3_2" .
   [0 0 0 0 0 0 1 0])
  ("/stage2_1" .
   [1 0 0 0 0 0 0 0 0])
  ("/stage4_2" .
   [1 0 0 0 0 0 0 0 0])
  ("stage7_2" .
   [1 0 0 0 0 0 0 0])
  ("/stage7_2" .
   [1 0 0 0 0 0 0 0 0])
  ("h2." .
   [5 0 0])
  ("toggle" .
   [2 0 0 0 0 0])
  ("toggle-frame-fullscreen" .
   [3 0 0 0 0 0 0 0 0 0 0 0 0 0 0 0 0 1 0 0 0 0 0])
  ("defun" .
   [1 0 0 0 0])
  ("interactive" .
   [1 0 0 0 0 0 0 0 0 0 0])
  ("when" .
   [1 0 0 0])
  ("cdr" .
   [1 0 0])
  ("nth" .
   [1 0 0])
  ("frame-parameters" .
   [1 0 0 0 0 0 0 0 0 0 0 0 0 0 0 0])
  ("make-frame" .
   [3 0 0 0 0 0 0 0 0 0])
  ("if" .
   [1 0])
  ("遅れてきたマルクス" .
   [1 0 0 0 0 0 0 0 0])
  ("ワルラスの一般均衡理論では、雇用や生産といった企業活動を静態的に扱っており、利潤を余剰価値の搾取として説明できた。" .
   [0 0 0 0 1 0 0 0 0 0 0 0 0 0 0 0 0 0 0 0 0 0 0 0 0 0 0 0 0 0 0 0 0 0 0 0 0 0 0 0 0 0 0 0 0 0 0 0 0 0 0 0 0 0 0 0 0])
  ("資本主義の純粋理論" .
   [1 0 0 0 0 0 0 0 0])
  ("を提唱した。" .
   [0 0 0 0 0 1])
  ("h3." .
   [7 0 0])
  ("変身ルール" .
   [1 0 0 0 0])
  ("||||" .
   [2 0 0 0])
  ("ミニ討伐戦" .
   [1 0 0 0 0])
  ("|プレイ頻度|通常キャラクター|変身キャラクター|" .
   [0 0 0 0 0 0 0 0 0 0 0 0 0 0 0 0 0 0 0 0 0 0 0 0 1])
  ("レシピ確認画面" .
   [0 0 0 1 0 0 0])
  ("add-to-list" .
   [0 0 0 0 0 0 1 0 0 0 0])
  ("eshell-command-aliases-list" .
   [2 0 0 0 0 0 0 0 0 0 0 0 0 0 0 0 0 0 0 0 0 0 0 0 0 0 0])))
